2
3
4
15
20
45
48
51
54
61
63
66
81
83
85
89
95
96
106
107
108
109
115
116
118
123
124
125
126
127
138
141
144
145
149
152
153
159
164
165
169
170
175
176
177
179
182
185
192
196
206
208
211
215
219
220
224
230
231
247
253
254
256
257
259
268
270
281
283
284
285
288
290
297
299
300
301
305
306
308
313
314
315
320
323
324
331
333
334
338
341
347
348
351
353
357
359
360
361
362
366
373
377
384
386
389
394
398
399
401
404
406
408
415
416
421
422
425
426
427
429
435
440
444
451
452
456
460
471
472
476
479
486
487
489
491
495
497
502
504
510
513
517
519
526
528
529
534
535
539
541
542
549
552
566
567
569
570
578
581
582
583
598
609
611
614
618
621
625
630
636
637
640
642
644
646
651
658
665
670
676
677
680
681
684
689
692
694
702
704
705
708
709
715
719
723
731
732
735
736
737
740
744
745
748
754
760
764
766
769
777
778
786
789
791
793
796
804
808
809
810
814
817
819
822
828
831
835
836
843
847
852
858
862
864
868
870
872
877
880
882
896
905
907
918
926
929
930
932
941
949
950
951
953
957
959
961
966
968
969
982
984
986
988
992
1001
1002
1003
1008
1010
1017
1021
1025
1032
1033
1037
1041
1042
1044
1045
1047
1058
1059
1060
1080
1085
1089
1090
1091
1103
1105
1108
1111
1113
1115
1119
1126
1127
1130
1132
1134
1139
1144
1148
1149
1152
1153
1163
1165
1169
1173
1178
1187
1189
1193
1195
1197
1203
1211
1215
1218
1220
1225
1226
1230
1235
1237
1238
1239
1247
1255
1256
1257
1258
1262
1264
1265
1268
1270
1271
1272
1276
1277
1278
1283
1284
1293
1296
1297
1316
1319
1327
1333
1339
1341
1351
1352
1353
1362
1364
1373
1374
1378
1379
1382
1388
1393
1394
1396
1397
1398
1404
1406
1410
1415
1416
1422
1423
1425
1430
1433
1434
1440
1451
1452
1458
1459
1461
1465
1468
1469
1470
1473
1474
1475
1479
1484
1485
1491
1494
1495
1497
1501
1506
1514
1515
1516
1520
1526
1527
1529
1531
1537
1539
1540
1541
1547
1551
1552
1559
1560
1566
1573
1575
1579
1584
1585
1588
1592
1596
1599
1603
1614
1615
1616
1619
1625
1633
1634
1637
1638
1639
1644
1646
1647
1652
1656
1657
1658
1660
1663
1664
1665
1666
1668
1670
1672
1673
1675
1684
1691
1698
1703
1706
1710
1715
1718
1721
1726
1730
1734
1735
1738
1741
1744
1745
1747
1754
1755
1760
1762
1763
1771
1777
1778
1779
1787
1792
1798
1800
1802
1803
1804
1805
1808
1813
1814
1819
1824
1827
1832
1836
1838
1841
1843
1852
1853
1856
1860
1865
1869
1871
1884
1885
1886
1889
1891
1893
1905
1907
1910
1915
1917
1919
1920
1924
1935
1937
1938
1944
1945
1948
1959
1963
1971
1984
1985
1987
1988
1991
1998
1999
2010
2016
2018
2032
2037
2041
2050
2058
2066
2068
2069
2070
2075
2076
2077
2088
2091
2093
2100
2101
2102
2107
2110
2115
2117
2123
2124
2129
2130
2134
2139
2149
2155
2156
2157
2165
2166
2168
2169
2174
2175
2176
2186
2191
2202
2210
2212
2213
2214
2215
2216
2220
2222
2223
2233
2234
2235
2239
2241
2243
2244
2246
2249
2250
2255
2256
2259
2261
2266
2268
2271
2273
2280
2281
2287
2288
2289
2303
2304
2308
2309
2312
2313
2314
2324
2332
2333
2334
2338
2339
2342
2345
2346
2347
2348
2351
2353
2355
2364
2367
2377
2385
2388
2392
2394
2398
2406
2408
2409
2410
2414
2431
2438
2447
2448
2449
2452
2454
2460
2464
2468
2469
2471
2474
2479
2481
2482
2484
2485
2487
2490
2497
2498
2501
2504
2505
2506
2508
2510
2514
2516
2517
2519
2524
2525
2528
2529
2546
2557
2562
2567
2568
2569
2574
2577
2579
2583
2586
2594
2596
2606
2607
2609
2612
2613
2627
2629
2631
2633
2644
2656
2658
2659
2660
2666
2669
2679
2682
2683
2684
2685
2692
2699
2700
2701
2703
2712
2716
2718
2721
2722
2729
2737
2739
2742
2743
2744
2745
2748
2750
2752
2753
2771
2773
2776
2784
2786
2790
2797
2801
2802
2807
2813
2816
2817
2824
2826
2830
2835
2839
2848
2851
2855
2865
2866
2877
2879
2884
2887
2891
2895
2897
2900
2905
2909
2912
2916
2917
2918
2926
2928
2931
2935
2936
2937
2946
2949
2957
2958
2960
2963
2971
2972
2974
2978
2979
2980
2986
2987
2988
2990
2992
2997
3006
3007
3010
3012
3015
3016
3017
3018
3019
3023
3026
3029
3032
3034
3038
3043
3050
3054
3061
3062
3063
3071
3078
3088
3089
3090
3098
3109
3110
3116
3117
3125
3130
3132
3135
3139
3143
3146
3151
3152
3154
3156
3157
3171
3173
3174
3179
3185
3186
3191
3195
3197
3199
3200
3205
3206
3207
3212
3217
3221
3222
3223
3224
3231
3240
3244
3249
3251
3252
3253
3261
3266
3268
3271
3273
3275
3277
3278
3286
3287
3289
3291
3295
3296
3300
3304
3305
3312
3314
3316
3317
3320
3321
3329
3331
3332
3341
3342
3343
3344
3346
3352
3357
3361
3365
3366
3367
3369
3374
3376
3377
3378
3380
3381
3387
3400
3402
3403
3404
3405
3408
3415
3418
3419
3433
3437
3439
3448
3453
3462
3473
3475
3480
3482
3493
3494
3501
3503
3514
3515
3517
3518
3524
3529
3532
3533
3539
3541
3545
3547
3551
3553
3554
3561
3571
3572
3579
3581
3584
3586
3598
3603
3607
3609
3610
3617
3622
3627
3629
3633
3634
3636
3639
3641
3643
3646
3647
3651
3656
3658
3667
3677
3678
3681
3685
3692
3695
3697
3700
3701
3702
3703
3710
3717
3721
3722
3736
3743
3748
3749
3752
3755
3757
3759
3761
3763
3764
3769
3778
3782
3795
3798
3800
3801
3803
3810
3811
3812
3813
3823
3828
3833
3841
3842
3846
3852
3854
3855
3860
3871
3875
3876
3877
3878
3881
3882
3886
3891
3895
3897
3900
3901
3903
3908
3909
3910
3917
3918
3923
3924
3925
3933
3934
3942
3943
3944
3945
3949
3953
3955
3960
3962
3963
3964
3968
3978
3981
3982
3983
3985
3988
3990
3991
3994
3995
3998
4002
4003
4004
4009
4011
4015
4019
4021
4022
4023
4025
4030
4031
4032
4041
4046
4048
4054
4055
4056
4059
4068
4072
4075
4079
4085
4086
4088
4089
4091
4099
4100
4104
4105
4106
4113
4115
4120
4121
4122
4125
4126
4129
4133
4138
4140
4146
4149
4157
4158
4159
4163
4164
4165
4166
4170
4172
4177
4181
4182
4187
4192
4193
4195
4196
4197
4201
4206
4211
4213
4217
4221
4232
4235
4240
4242
4247
4251
4253
4256
4269
4283
4287
4288
4292
4293
4296
4301
4307
4312
4313
4319
4321
4323
4330
4331
4332
4333
4334
4338
4339
4340
4343
4347
4349
4350
4353
4354
4365
4368
4371
4372
4375
4377
4378
4382
4383
4384
4386
4390
4399
4402
4418
4422
4423
4427
4428
4429
4430
4432
4434
4442
4444
4445
4450
4452
4454
4467
4469
4473
4474
4480
4488
4494
4504
4505
4506
4509
4511
4512
4514
4521
4525
4527
4533
4547
4548
4551
4557
4561
4562
4563
4566
4569
4573
4574
4577
4578
4579
4590
4593
4595
4596
4598
4604
4606
4609
4611
4613
4615
4620
4622
4623
4624
4631
4632
4638
4640
4643
4646
4648
4655
4659
4660
4662
4666
4672
4673
4683
4684
4685
4686
4688
4690
4691
4693
4694
4699
4701
4713
4733
4734
4738
4744
4745
4746
4749
4762
4765
4766
4768
4770
4779
4780
4785
4787
4789
4798
4803
4804
4810
4812
4816
4822
4830
4831
4835
4844
4845
4846
4852
4854
4863
4865
4868
4876
4879
4880
4882
4885
4891
4909
4913
4917
4918
4919
4925
4930
4932
4934
4935
4936
4938
4939
4946
4948
4955
4959
4960
4961
4966
4968
4971
4972
4978
4981
4985
4986
4991
4994
5003
5008
5011
5012
5016
5017
5020
5025
5027
5028
5031
5033
5035
5036
5038
5041
5044
5048
5050
5053
5060
5068
5073
5077
5078
5089
5093
5094
5097
5100
5101
5103
5105
5106
5115
5116
5117
5118
5119
5120
5123
5125
5129
5131
5140
5143
5144
5150
5159
5162
5163
5164
5168
5169
5172
5181
5186
5187
5190
5192
5193
5200
5211
5213
5214
5217
5225
5231
5234
5235
5236
5253
5254
5256
5259
5262
5266
5268
5270
5271
5273
5286
5293
5294
5303
5306
5311
5314
5320
5324
5329
5333
5336
5340
5341
5348
5350
5351
5352
5362
5363
5364
5368
5372
5373
5374
5378
5387
5391
5395
5399
5407
5414
5415
5420
5421
5427
5429
5432
5439
5441
5442
5447
5451
5454
5459
5463
5464
5470
5476
5480
5481
5482
5487
5488
5490
5491
5494
5498
5502
5503
5508
5509
5511
5516
5519
5521
5526
5530
5533
5540
5541
5542
5545
5548
5549
5552
5557
5558
5559
5567
5570
5578
5580
5582
5587
5592
5604
5606
5608
5613
5621
5623
5624
5626
5628
5630
5632
5633
5634
5645
5655
5658
5660
5664
5673
5676
5677
5679
5682
5684
5685
5686
5688
5693
5694
5700
5701
5710
5719
5722
5723
5724
5728
5730
5733
5734
5737
5739
5756
5757
5759
5767
5769
5770
5776
5778
5780
5787
5788
5793
5808
5812
5814
5818
5819
5823
5829
5834
5835
5836
5837
5842
5848
5855
5858
5862
5864
5867
5872
5875
5892
5893
5894
5897
5898
5899
5901
5907
5910
5913
5915
5924
5925
5931
5934
5938
5939
5943
5949
5952
5963
5965
5971
5974
5980
5993
5997
6007
6010
6012
6017
6019
6022
6023
6033
6035
6039
6048
6053
6056
6057
6062
6064
6067
6068
6077
6085
6098
6103
6106
6109
6112
6113
6115
6118
6119
6122
6127
6129
6130
6134
6136
6138
6139
6145
6147
6148
6149
6155
6162
6164
6168
6169
6170
6173
6180
6192
6204
6205
6217
6218
6220
6223
6225
6228
6231
6234
6235
6237
6241
6242
6245
6251
6253
6260
6261
6264
6270
6289
6292
6294
6300
6301
6303
6305
6306
6313
6316
6317
6325
6329
6331
6336
6340
6342
6345
6347
6351
6352
6354
6360
6366
6371
6377
6386
6387
6389
6393
6395
6397
6398
6406
6407
6408
6410
6417
6418
6420
6429
6431
6437
6439
6440
6442
6443
6449
6453
6459
6462
6476
6480
6487
6492
6497
6502
6503
6504
6507
6508
6510
6516
6519
6521
6525
6526
6527
6528
6532
6538
6547
6555
6556
6557
6560
6562
6565
6566
6568
6569
6575
6578
6579
6580
6585
6588
6590
6598
6605
6615
6618
6620
6621
6625
6627
6633
6635
6637
6638
6642
6643
6646
6651
6655
6656
6664
6665
6666
6670
6671
6683
6684
6692
6693
6696
6712
6714
6718
6719
6720
6727
6730
6731
6733
6734
6736
6737
6740
6745
6746
6750
6752
6753
6764
6766
6767
6770
6773
6776
6779
6781
6782
6787
6791
6792
6798
6801
6816
6821
6824
6829
6834
6839
6843
6847
6849
6855
6859
6863
6867
6872
6877
6880
6881
6883
6885
6886
6892
6894
6896
6898
6904
6909
6913
6915
6916
6925
6926
6932
6935
6936
6938
6947
6950
6953
6956
6961
6963
6965
6967
1000000
2000000
3000000
4000000
5000000
6000000
7000000
8000000
9000000
10000000
11000000
12000000
13000000
14000000
15000000
16000000